-------------------------------------------
Time: 1491870475000 ms
-------------------------------------------
(-1.74,[1.66])
(1.24,[-1.18])
(0.29,[-0.4])
(-0.13,[0.09])
(-0.39,[0.38])
(-1.79,[1.73])
(0.71,[-0.77])
(1.39,[-1.48])
(1.15,[-1.43])
(0.13,[-0.07])
...
-------------------------------------------
Time: 1491870476000 ms
-------------------------------------------
(0.97,[-0.9])
(0.25,[-0.21])
(1.96,[-1.95])
(0.7,[-0.53])
(-1.46,[1.41])
(-1.57,[1.56])
(-0.98,[1.03])
(1.44,[-1.42])
(1.03,[-0.97])
(-0.05,[-0.06])
